1.0052660494803978
-1.2741665090350092
0.15458746873536588
0.27872527819258786
-0.23014026595199238
0.8625990782838923
-0.46153206763708293
-1.5556486667546792
-0.39189905074181786
-1.2697409420433337
1.4564518725461737
-0.4117325873020991
1.1008502042279733
-0.6152643517207314
-1.8583774447206038
-1.3520830090829592
-1.0706227516089744
1.4825128052915688
0.7896173833844146
0.08341469690938502
1.3977222485168044
-0.585114551339049
-0.024045487122707227
-1.117158993563797
-0.7776016116772315
1.4225166317711984
1.299423803029439
1.3386704139173367
-0.8392803888732527
-0.34266356574852846
1.615372916496734
0.5113812381632257
3.0331928516254716
0.3173156803645477
0.24734306191548625
-0.0909717181392681
0.41969723435697864
0.38141682038959324
0.4055201651691774
-1.5924969497523367
-0.21653899678009328
0.4021714634212607
-0.18560087321189628
-0.896571206210173
1.3050651725460547
0.9126620301739553
-0.7311204795467418
0.9988833029595638
0.012969333811747795
-1.53314441586596
-0.6865073970491146
-2.6157592677560784
-2.832781869348746
1.1428622465148637
-1.6921758430978844
0.7275494907658413
1.144428812529494
0.1549354014510385
0.8440551152213568
0.9808821729892572
1.4127600101415516
-1.1150858071679677
0.9646559043068731
-0.4534743073413075
0.7727737884636858
1.7090086699751323
0.16437196419103306
-0.7168584129262482
1.3771974990493707
-0.20007447975881587
-0.6384567469371686
0.046793316888605364
0.17468868086716152
-1.0553245228259764
-1.6535603808580237
-0.7948991651450954
-0.7108997031567436
-1.169028716383402
0.8098609756947119
-0.9248428298685408
-1.2016582771226394
-1.1196424177403312
0.3955907354322155
0.54976252393009
0.03066098203277508
0.7303395840252263
-0.9154073576044978
0.27725014261631986
0.3774751633393969
-0.057110452750094874
-0.38051308573592624
1.1601096944428444
0.4952791878869591
1.0823260344512755
2.275813126688577
-0.5398364931056804
-1.0792894200472363
-1.275078165764467
1.8501021768364163
0.5701707836497416
