0.09885926589385918
0.6132032488961865
2.769992788240176
0.311675607569155
0.9206088177120608
0.3968040584773662
1.507300997404711
-0.09763863896350367
0.9971161014333891
1.7575511672151822
1.0383227397137809
-0.23918793442089648
-0.021876085581429727
0.21544972813580132
1.8430317334324733
1.6345248062938469
-0.18015312532363337
0.006934374923754039
-0.7232279634959473
0.978099211140896
0.602860190621182
-0.7752058928180889
0.18465018834479702
0.2177207848817671
0.5014441319429268
0.6262789192906442
-0.8775898342479973
1.0840846237968484
0.429780463303158
0.0025346907972763066
0.11023933764422827
2.0981440002096305
1.6585807581731817
1.5879056034125658
-0.49375396681624795
0.08107303886903128
-0.26353297066865333
-0.509955689772531
1.5382910201222744
-0.06995818249196206
1.1217476098412602
-0.5978863164120602
-1.3636864467705843
1.5197831700152586
-1.198964230657614
0.5926852213672065
-0.30403978688399713
-0.6551584246615312
-0.38953587145518764
-0.32577817160520994
0.4703391012458744
1.2457206621990915
0.2724099530007429
-0.1863850185470829
1.6535848662598054
0.9234715723785003
1.501226703969697
-0.2954980014734745
0.6477774792986936
1.2990681470710008
1.722251233683694
0.9784840006247428
0.2685776630946115
-0.20200165586440422
1.6683985844164069
1.0474057972560746
-0.6956405747920209
-0.6836601965859523
1.3884876520823997
-0.3592630100953407
0.40686208078101177
-0.2086631473449747
-0.5124938780352568
1.515664529619354
0.7620756135258229
0.4164940355312544
1.788959099921896
0.3188961818134648
-0.708643126325484
0.6864817679238572
-0.06923599182320739
-0.3140628829189599
0.27260533178774016
0.4207254244054176
0.850152036557839
2.100069741572591
-0.13843150786303693
-0.8523268732634972
0.9387940878099603
0.29980245778849424
-0.9106561465143068
1.4666227423494869
1.0522908717600004
-0.18372974515128693
1.0156191531358851
1.2061067983658216
-1.5621013902202097
2.3201115825617813
1.634069836461571
-0.5298054940434165
