-1.6284949494341738
-0.7677626649889167
1.5060103077063665
2.3543032285644108
2.7945103925326213
0.8358910817733756
1.9806537772470838
1.5736154839973513
1.0624018869872196
1.057617533049256
0.7285015552464104
2.011051216554857
1.752360448087965
1.1154412893246572
2.199867426877076
0.6805681026165877
1.3080305048493133
-0.226781051923014
1.41688318604216
0.7844733768456641
1.0723506890791545
2.498068115532527
1.660786821304703
1.8135820807974454
1.9909535497369257
0.8358378920368814
2.9450616198087154
0.8310470679306323
0.6722218350462983
0.690380089709308
0.8980384828370802
2.277156079426243
1.0628543146120935
0.998190458209212
2.008124505905941
2.0478366751661845
-0.04642465120068007
1.5474253695614402
-0.8188139389951223
1.1245164898660451
0.9834344215327862
2.8799298662868367
1.6453728772636471
1.5183100442410176
0.47457768981701254
1.1119904758783183
0.06454502897986725
4.085180145046587
0.8899231076937364
0.2857334254306678
-0.7427030925551252
0.7470616792817224
2.632756379039834
0.659262344317784
-0.08706651613911709
0.194602774637057
1.154367508366208
1.3965510874568094
1.3204940356271717
1.2721614712375118
-1.759806285172822
0.8528556141654264
0.4549285647902598
1.774587622191277
1.2414690838610798
3.107403354424339
0.7701916993622051
1.3550311743249943
0.8813146645861142
0.45606101746450634
1.360308659983987
1.9635048536025166
2.3032771317384215
2.4319842624843275
-0.08688742622304746
1.360308060960818
2.203524050202864
0.684386782702217
1.4567225990451562
1.817882401619954
2.1964400755493156
1.1189608424849946
-0.34241500466636143
-0.5781428910759825
2.2131835694818447
1.4118370859678737
0.38009939794539427
0.0747950461932374
1.2487831078119278
0.11875873802043568
-0.19508214661534762
0.9162999651339059
1.8654840754495758
1.0356976556846496
0.34014724496342763
-0.2904594993739995
2.025602152814794
0.3184670874570016
1.732888898477467
0.5332920090308737
