-0.7442905242525897
1.7378407213646914
-1.323443057653085
-0.21687570755432278
-1.1274769211572857
0.5659479683471245
-1.483909430327961
-0.28797582250672427
-1.925970467991301
-1.4595172933118787
1.0076270579641322
-0.8826492809440629
0.3771854019077314
-1.5537602771973689
-0.9111811482929584
-0.994372371306042
-1.3982722705664268
-0.703271600582841
0.3617139233560229
0.261753676745734
0.25467087135586286
1.0982753952029858
-1.3771511705364168
0.3597037498285107
-0.9200690133339811
-0.6022078554307796
-0.3896001196556523
0.2521147128675757
-0.8291863960774684
-1.1389766990958723
-1.5301651786220256
-0.41850133853018284
0.008178395286326134
-0.6250959186548941
-0.5263598637061745
0.9810331547662525
-0.34288982359825826
0.26229234660350487
-0.17706444659041554
-0.3607207476188407
-0.24793239131180295
-1.7194110018290774
-0.8688394574380383
-1.2055253745139145
-2.8008596483813992
-1.5502027202911015
-1.0206762426014104
-0.5918166962750422
-0.835523314695396
0.6600683371918741
-2.2759703576132653
0.5046825281110936
-2.002917769928574
-1.4829802945527897
-0.5511897257115672
-1.3660059643804243
-1.449173863510782
-1.0207144015056502
-2.27157790870949
0.6859641230259705
0.19027522309474942
-2.14485130782659
-1.745433297465268
-1.5349029897591047
1.9015180432885175
-2.1409363869491997
-0.735728335750252
0.33987558970107434
-0.49864788298513957
0.5499944163496309
-0.7914276658663593
-1.0094025926491836
-0.11667676449863479
-1.6395557797153495
-0.2698793591780524
-1.3744659337568566
-1.3924681284472389
-0.24483257171614764
-0.030978397510850186
0.7611044723745839
-1.065459872607586
-1.5530726542332438
-1.108253431091988
-2.5898090307929076
-1.5046522295071554
-0.24827036383705114
-0.20733346997920565
0.6269510435286587
0.5169313287986088
-1.101426920371318
0.6362005407243878
0.7495612422253584
-0.8131653022307888
-0.4387322772529918
-1.2983827101054157
-2.128397361439516
-0.1580536429794927
-1.8258039058941329
0.5753684371070613
-1.175936525266762
