-1.0820556646450428
-0.9148483692681537
-1.205740999724832
-0.06701836082871859
0.6541568409532508
0.03399145465938913
-0.7952939950694683
0.059814897808079914
-0.8908583466960716
-1.8488949289460406
-0.5818592116485343
-1.793852300060648
-3.3145254927271703
-1.08036567050352
-1.6623722135071721
-1.09084285778365
-1.8785227932599655
-1.9873655033539346
0.5931291381184003
-1.94359796480909
-0.6742991957491633
-3.3842786036383132
-0.8501596164791324
-0.5791303429283152
1.0461844924138908
-0.9137568046516962
-2.3347362445481035
-2.0270220156544703
-2.4849209351754427
-0.9958933497039805
-0.6535430180603296
-3.0046093136757803
-0.4126527529492432
-0.6312758997616137
-2.1852802155934787
-1.2028499683483833
-1.352227389005253
-1.0521503055971064
-0.4598107514578824
0.1769242853186641
0.750110040221472
-1.3746383297852562
-2.2604431694235636
-0.8992098158476869
-1.234979323480164
-1.9653386818517797
-1.440005553898636
-3.097406894139416
-1.5230745917541422
-0.3572889790560272
-1.8881623737507265
-0.786454224288836
-0.7299992000291988
0.5223101933836753
-2.1233886645517748
-1.2372199681115172
-1.2131058164452266
-3.5952841961701183
-1.4840238882491017
-1.5789399633718766
-0.8429434240603129
1.2065425496478408
-0.06145863936971463
0.1990197108584284
-0.15162966732874172
0.2207141187932251
-2.2589854060693195
-2.4991035713256373
-2.7411735851218704
-1.3366033307757408
-1.5924972162271316
1.2763587664695177
-0.59141864564321
-0.12876298804137554
-1.3400780194113495
-0.6949233688852761
-0.17501223698044843
1.0960312558196628
-0.7104708431331035
-2.1680760918887714
0.607940044755177
0.12824373975051984
-2.2320282479785907
-1.474981306474763
-1.8254858612529488
-1.1924825033066697
-1.308241711203883
-3.024204705731095
0.21167057922153854
-1.4103903628012306
-1.8930899537654662
-0.05768273349170738
-0.7372661599931293
-2.40488748114869
-2.1558492360687858
-2.3809110033558354
-1.4319961326831376
-0.880218029210944
0.014218811369330009
-0.6327420452356456
